3132 11048 -11492 1 1
2160 13408 -14464 1 1
4868 9200 -14588 1 1
-1584 9056 -13296 1 1
2536 9340 -10760 1 1
1764 11584 -13020 1 1
-3336 9868 -10064 1 1
4204 9756 -14724 1 1
172 6400 -12220 1 1
4136 7372 -12640 1 1
-348 7244 -15792 1 1
-1004 7144 -16088 1 1
804 6156 -13672 1 1
940 10988 -13432 1 1
2876 11500 -12616 1 1
1148 6620 -13316 1 1
-112 8248 -13112 1 1
-1148 14848 -3484 1 1
-128 16232 6500 1 1
476 10412 15808 1 1
-184 4004 16604 1 1
-100 3168 17420 1 1
-332 836 17864 1 1
-780 1656 17120 1 1
-608 1172 16996 1 1
-684 -232 16920 1 1
-276 5788 10208 1 1
312 15848 3156 1 1
624 14208 -12664 1 1
428 4584 -15008 1 1
1148 2872 -16004 1 1
184 1168 -15828 1 1
528 1520 -16060 1 1
680 1224 -16036 1 1
652 4420 -13616 1 1
2512 12764 -6188 1 1
4416 15872 -508 1 1
6680 15716 -6504 1 1
-5136 15184 2112 1 1
-3884 14248 -2604 1 1
6168 14888 -5176 1 1
-2804 12180 -13508 1 1
668 -1908 -15244 1 1
584 12336 -5528 1 1
348 16000 4448 1 1
96 15112 -1600 1 1
592 8864 -14760 1 1
7920 5632 -13424 1 1
-576 11948 -11676 1 1
840 11924 -12560 1 1
608 6608 -14812 1 1
144 4684 -13556 1 1
-5100 13176 -5236 1 1
1132 14392 13380 1 1
1244 8736 9216 1 1
168 11744 12512 1 1
-1868 13416 7260 1 1
1012 15996 880 1 1
988 14344 -10180 1 1
-784 10204 -7032 1 1
1136 13960 -9248 1 1
1244 13044 -10072 1 1
1096 15688 -1424 1 1
316 16488 -7500 1 1
500 10324 -5796 1 1
-668 13040 -7120 1 1
456 15004 -7088 1 1
476 3236 -15800 1 1
340 16560 5292 1 1
8 9764 14948 1 1
56 3668 17164 1 1
-640 1760 17152 1 1
-176 2372 14800 1 1
-128 16924 -3012 1 1
1440 8676 -13064 1 1
-2448 11996 -7652 1 1
-2100 14004 -6144 1 1
1252 15752 1756 1 1
508 8600 10980 1 1
1236 13176 -7536 1 1
2740 12268 -7872 1 1
-4112 14916 -10416 1 1
3524 15400 -3104 1 1
2712 8996 -10224 1 1
12 16328 2204 1 1
12 15696 7812 1 1
-72 15736 -5568 1 1
2748 13148 -4892 1 1
6108 14376 -7916 1 1
-2880 16160 3244 1 1
-2732 12568 -10524 1 1
644 13556 -4416 1 1
664 16780 24 1 1
1056 7988 -14860 1 1
-248 7536 -12296 1 1
1164 7448 -13148 1 1
-272 6728 -17156 1 1
692 6768 -12440 1 1
664 6968 -15932 1 1
-724 6996 -14172 1 1
1000 11744 -13268 1 1
556 6796 -14512 1 1
1348 6816 -12500 1 1
856 7036 -14200 1 1
1760 7056 -14520 1 1
516 6896 -14628 1 1
1048 6708 -14916 1 1
700 6724 -14528 1 1
1424 6712 -14456 1 1
1604 6672 -14624 1 1
1616 6708 -14660 1 1
1552 6716 -14536 1 1
1556 6712 -14528 1 1
1700 6444 -14380 1 1
1716 6656 -14456 1 1
1768 7140 -14364 1 1
1504 6504 -14476 1 1
1548 6632 -14400 1 1
1664 6672 -14948 1 1
-332 6552 -14532 1 1
-1112 6508 -15572 1 1
296 12132 -7720 1 1
344 15408 -8452 1 1
2776 13372 -5884 1 1
4240 13608 -5488 1 1
2508 17336 -6800 1 1
1984 14312 -6824 1 1
2356 16496 -2412 1 1
2944 13464 -8764 1 1
2628 15072 -7032 1 1
232 13132 -6712 1 1
2900 14444 -7952 1 1
2344 13920 -8424 1 1
2768 14556 -7532 1 1
1888 14040 -7524 1 1
1892 14240 -7468 1 1
1892 14880 -11164 1 1
-168 2588 -14568 1 1
452 7096 -15584 1 1
1652 6740 -14344 1 1
944 7908 -14436 1 1
564 7108 -14924 1 1
960 6240 -15064 1 1
2664 7516 -16172 1 1
604 7224 -11132 1 1
-1116 8540 -14668 1 1
2360 8268 -13144 1 1
1988 10024 -18056 1 1
-4836 10856 -8320 1 1
5628 13644 -6732 1 1
-2120 8680 -13580 1 1
924 2272 -15328 1 1
648 15560 -2628 1 1
964 15636 -3084 1 1
-1016 15160 -5944 1 1
-1092 6936 -14368 1 1
-3488 9376 -10844 1 1
7240 13024 -10300 1 1
-4164 13592 -7448 1 1
2764 14116 -13324 1 1
1080 6824 -14352 1 1
1992 6852 -14468 1 1
2276 7472 -14540 1 1
2336 6904 -14380 1 1
2192 6964 -14280 1 1
2124 7092 -14344 1 1
2172 6960 -14284 1 1
2188 7080 -14344 1 1
2044 7296 -14416 1 1
2268 7116 -14292 1 1
1948 7188 -14044 1 1
1616 6744 -14512 1 1
1684 6660 -14264 1 1
1172 6696 -14576 1 1
1460 6524 -14584 1 1
1376 7016 -19360 1 1
-1832 10888 -7152 1 1
-1884 12816 -11236 1 1
3084 11640 -8800 1 1
1544 12588 -10360 1 1
1816 12440 -9628 1 1
1184 12468 -10172 1 1
1728 12416 -9912 1 1
1472 12876 -11000 1 1
1140 12000 -10240 1 1
1408 12632 -10164 1 1
776 12752 -10836 1 1
2540 12720 -8264 1 1
-140 12596 -11432 1 1
640 11540 -11300 1 1
2704 10796 -10868 1 1
3864 11688 -9512 1 1
2148 14096 -7092 1 1
1260 14396 -9300 1 1
6232 12720 -8568 1 1
-572 14900 -6464 1 1
2684 16032 -4832 1 1
1060 13432 -9280 1 1
3100 14832 -5568 1 1
-1164 16720 -4468 1 1
1536 11828 -14756 1 1
376 9148 -10004 1 1
1832 15900 -3752 1 1
1340 15632 -5332 1 1
-624 15816 -5672 1 1
-1668 15456 -7304 1 1
1596 12092 -13176 1 1
-172 12804 -10656 1 1
-84 11940 -10076 1 1
176 11900 -11044 1 1
-760 12532 -11312 1 1
596 12052 -11080 1 1
124 13080 -8736 1 1
4364 14808 -1812 1 1
296 13204 -11652 1 1
1260 4372 -15880 1 1
-88 13044 -13392 1 1
624 11600 -8728 1 1
-1724 9744 -12412 1 1
-6976 11000 -12184 1 1
1536 13416 -4024 1 1
-1552 15448 -7976 1 1
-216 15812 2032 1 1
816 15720 -1180 1 1
1396 13136 -8112 1 1
1620 10232 -8772 1 1
-724 12496 -11296 1 1
204 6420 -13580 1 1
-1056 14904 -9120 1 1
2632 12820 -30044 1 1
7868 9084 -11640 1 1
940 11228 -9864 1 1
-2760 7912 -13612 1 1
4300 12648 -14168 1 1
-1820 15688 -6248 1 1
3056 12500 -4296 1 1
1600 14740 -16556 1 1
208 16004 -5492 1 1
4332 16080 -9700 1 1
2244 12940 -10936 1 1
3956 10708 -13968 1 1
-4304 6460 -13932 1 1
-2444 7196 -14252 1 1
-1656 7452 -14332 1 1
-1468 6508 -14480 1 1
-2004 6284 -15048 1 1
-1416 6368 -14460 1 1
-2296 7320 -10300 1 1
624 8020 -6204 1 1
-2588 11212 -13196 1 1
-212 10484 -12808 1 1
-384 5664 -14008 1 1
960 8288 -13676 1 1
748 7276 -13840 1 1
512 7888 -16624 1 1
1840 7824 -15944 1 1
-2644 -40 -16940 1 1
108 272 -16028 1 1
172 276 -16028 1 1
116 356 -15908 1 1
92 284 -15928 1 1
84 244 -16004 1 1
88 324 -15968 1 1
0 336 -15960 1 1
72 296 -11492 1 1
48 13068 -9612 1 1
-164 13316 -8668 1 1
2720 12176 -8072 1 1
20 12528 -9288 1 1
712 9628 -14552 1 1
-2260 7308 -13828 1 1
-4368 8956 -14792 1 1
-252 9204 -14164 1 1
564 4876 -1832 1 1
916 16544 -4020 1 1
636 18520 -3912 1 1
248 15192 -5404 1 1
180 15468 -5228 1 1
472 1340 -15868 1 1
372 1172 -15980 1 1
432 1236 -15988 1 1
424 648 -16024 1 1
408 388 -15908 1 1
476 -268 -15968 1 1
472 756 -15860 1 1
440 2940 -15972 1 1
496 3996 -15640 1 1
544 2676 -15556 1 1
-232 1844 -16024 1 1
-1016 1732 -15608 1 1
-912 1944 -16256 1 1
668 1660 -15664 1 1
1592 1988 -15884 1 1
1080 452 -15808 1 1
1260 860 -15708 1 1
732 3104 -15652 1 1
724 3048 -16256 1 1
48 1712 -15848 1 1
-944 1876 -15956 1 1
224 2288 -15868 1 1
1072 732 -16200 1 1
1120 376 -15956 1 1
1028 2088 -15724 1 1
2112 1272 -15872 1 1
1944 2116 -15588 1 1
224 4064 -15380 1 1
248 4356 -15264 1 1
184 4220 -15720 1 1
-560 3668 -15608 1 1
-1600 3400 -15528 1 1
-1208 3632 -15980 1 1
304 3548 -15548 1 1
492 1932 -15968 1 1
564 1012 -16028 1 1
636 1476 -15732 1 1
628 1732 -15784 1 1
1716 1748 -15704 1 1
1972 1764 -15712 1 1
2244 1416 -15808 1 1
2020 1764 -16024 1 1
-500 2124 -15928 1 1
-1472 2284 -15644 1 1
-1856 2336 -15656 1 1
-2196 2028 -16372 1 1
352 292 -16076 1 1
624 -164 -15936 1 1
716 -168 -16088 1 1
-144 3488 -15392 1 1
-1696 4060 -15376 1 1
-1556 4600 -15296 1 1
-48 4180 -15640 1 1
2256 4456 -15180 1 1
2464 4504 -15252 1 1
2192 1716 -15944 1 1
-1124 1028 -15792 1 1
-604 -320 -15840 1 1
1044 -412 -15764 1 1
-60 1776 -15876 1 1
-2304 2040 -15936 1 1
1720 2256 -14740 1 1
1988 2028 -15816 1 1
48 848 -16088 1 1
204 712 -16732 1 1
-876 -428 -15420 1 1
-1272 500 -14716 1 1
452 1548 -14564 1 1
1396 116 -15772 1 1
1120 572 -15896 1 1
1080 828 -15716 1 1
496 1280 -16208 1 1
828 -1124 -15852 1 1
-1640 696 -15596 1 1
1324 1252 -15672 1 1
2324 1588 -14652 1 1
1208 1264 -15932 1 1
832 1024 -15896 1 1
836 832 -15956 1 1
680 740 -15996 1 1
720 620 -15964 1 1
680 612 -15984 1 1
584 652 -16008 1 1
644 612 -15984 1 1
724 676 -15992 1 1
740 476 -16096 1 1
860 440 -15972 1 1
676 456 -16000 1 1
804 480 -15984 1 1
724 516 -15956 1 1
740 448 -15896 1 1
708 548 -15924 1 1
636 524 -15888 1 1
700 460 -15976 1 1
688 556 -15952 1 1
624 620 -16036 1 1
584 660 -15944 1 1
680 632 -15916 1 1
688 592 -15988 1 1
608 708 -15972 1 1
24 272 -15968 1 1
-736 224 -15960 1 1
556 208 -16008 1 1
32 0 -15972 1 1
500 696 -16232 1 1
432 316 -15924 1 1
200 116 -15932 1 1
156 68 -15948 1 1
408 -192 -15888 1 1
368 -40 -15968 1 1
300 176 -15968 1 1
368 -8 -15884 1 1
136 368 -15912 1 1
-108 168 -16296 1 1
16 304 -16132 1 1
832 308 -15908 1 1
808 336 -15980 1 1
-60 -8 -16080 1 1
920 248 -16116 1 1
156 340 -15908 1 1
108 1036 -15936 1 1
356 1480 -15912 1 1
72 -368 -16048 1 1
192 108 -16036 1 1
384 76 -16060 1 1
176 124 -15912 1 1
68 76 -16056 1 1
308 1564 -15984 1 1
12 -2452 -16056 1 1
-352 320 -16036 1 1
48 288 -16016 1 1
104 36 -16068 1 1
72 252 -16048 1 1
-744 316 -16044 1 1
-12 660 -15960 1 1
800 -272 -15904 1 1
148 64 -15920 1 1
124 -656 -16060 1 1
1324 164 -16004 1 1
420 60 -16000 1 1
132 340 -16144 1 1
-36 -1132 -15908 1 1
36 1188 -15904 1 1
1764 196 -15940 1 1
-200 176 -15904 1 1
-196 148 -16000 1 1
56 132 -16032 1 1
108 52 -15988 1 1
-536 124 -16028 1 1
32 1020 -16072 1 1
708 -116 -15808 1 1
16 268 -16056 1 1
2364 640 -15980 1 1
52 -3152 -16096 1 1
1268 2104 -16028 1 1
136 144 -15976 1 1
184 -148 -16228 1 1
772 108 -16044 1 1
204 1712 -15980 1 1
580 -1420 -15336 1 1
3052 440 -16332 1 1
2972 7352 -14356 1 1
1080 10172 -11832 1 1
844 12736 -8292 1 1
-72 14244 -5168 1 1
-536 16208 460 1 1
352 15324 7784 1 1
-124 12548 12536 1 1
-340 9024 14816 1 1
-56 6096 16296 1 1
196 5172 16364 1 1
396 4180 16768 1 1
124 2752 16872 1 1
64 1992 17092 1 1
-208 1800 17012 1 1
-80 3064 16184 1 1
-568 10936 10512 1 1
-80 14212 7068 1 1
424 15636 3120 1 1
-8 17144 -1724 1 1
-4048 15772 -1880 1 1
-4908 15404 -4876 1 1
-748 16236 -2712 1 1
3608 15328 -3940 1 1
1536 16392 -2460 1 1
-4664 12716 -8264 1 1
3332 16768 -1932 1 1
-4444 14804 -6704 1 1
3764 15120 -4676 1 1
-5376 15084 -5532 1 1
2188 15128 -4992 1 1
-1556 14932 -7988 1 1
-1676 12924 -6116 1 1
-2532 15780 -6988 1 1
1392 8520 -14224 1 1
-2956 5040 -15136 1 1
2160 5672 -14660 1 1
472 8496 -15656 1 1
616 4268 -15212 1 1
2316 2856 -15632 1 1
2036 9700 -14284 1 1
-4572 6988 -12056 1 1
1692 11032 -12584 1 1
9204 9896 -16244 1 1
-1284 12560 -10568 1 1
4200 10520 -12604 1 1
2524 10912 -12464 1 1
1924 12540 -13580 1 1
76 12212 -13516 1 1
1888 6140 -15504 1 1
-440 7344 -14872 1 1
320 4000 -15360 1 1
320 4940 -15436 1 1
496 4716 -17988 1 1
-704 3648 -16116 1 1
-168 3008 -15936 1 1
-1416 2100 -15992 1 1
-472 1076 -15916 1 1
-492 2704 -15048 1 1
1676 5680 -13056 1 1
1664 5688 -14960 1 1
-100 7436 -14440 1 1
-732 5768 -14696 1 1
516 6828 -15908 1 1
916 8688 -12028 1 1
836 10524 -12244 1 1
-568 12032 -9004 1 1
3124 15196 -5816 1 1
3268 14652 -6728 1 1
3196 12872 -7196 1 1
544 13784 -6244 1 1
-3636 12976 -7712 1 1
-1716 13568 -8744 1 1
1256 14156 -8056 1 1
376 16656 -4928 1 1
-328 15076 -5208 1 1
-888 14224 -7904 1 1
-2264 17892 -8600 1 1
-728 13308 -9360 1 1
2448 15820 -5388 1 1
2508 15080 -4876 1 1
2220 15920 -3068 1 1
1896 15744 -3516 1 1
1284 15540 -4940 1 1
300 15568 -4332 1 1
392 15868 4668 1 1
-108 12344 13976 1 1
32 7256 15492 1 1
-1400 5416 15980 1 1
-2176 7424 15492 1 1
-2092 5508 16392 1 1
-2108 3844 16980 1 1
-584 3224 17004 1 1
32 2632 16708 1 1
-252 1988 17284 1 1
-696 3216 16508 1 1
-636 4864 16176 1 1
568 4904 16332 1 1
568 6328 13928 1 1
1324 13432 8436 1 1
-300 14508 4736 1 1
364 15624 -9032 1 1
1836 18884 2200 1 1
480 7836 15596 1 1
-1312 4140 17036 1 1
-1080 3012 14768 1 1
-204 15116 3008 1 1
1344 13208 -10116 1 1
5984 12684 -10844 1 1
-1668 13268 -8616 1 1
1428 14336 -7884 1 1
-736 14812 -6360 1 1
4248 13648 -9840 1 1
-3392 13176 -8672 1 1
-3240 12448 -9216 1 1
1556 13444 -9232 1 1
844 13728 -8620 1 1
1860 14876 -9520 1 1
-832 12556 -11244 1 1
1972 9868 -13688 1 1
-236 5100 -16548 1 1
528 4560 -13780 1 1
-4568 2032 -16196 1 1
4864 1244 -16424 1 1
-200 3716 -16156 1 1
56 8868 -12652 1 1
168 11384 -10844 1 1
308 12524 -9316 1 1
128 12344 -11196 1 1
936 12504 -11412 1 1
252 9840 -14184 1 1
-5104 7424 -13492 1 1
4220 13780 -8956 1 1
-700 12548 -10632 1 1
-1012 12468 -8288 1 1
1980 4972 -15012 1 1
-1880 5180 -15012 1 1
-2268 5164 -14932 1 1
-2240 5188 -15036 1 1
-2268 5172 -14964 1 1
1304 9424 -11560 1 1
8 12104 -11392 1 1
212 10500 -11792 1 1
-972 11428 -12416 1 1
2204 10684 -12760 1 1
948 9220 -13108 1 1
-364 9480 -12928 1 1
-8 10436 -12268 1 1
180 11400 -10512 1 1
636 12184 -11032 1 1
1336 11804 -11440 1 1
-216 10948 -12052 1 1
132 10680 -12068 1 1
-256 10632 -11544 1 1
188 11272 -10300 1 1
2496 11264 -12524 1 1
-792 11008 -11056 1 1
876 10404 -11380 1 1
392 10900 -11488 1 1
2436 8292 -14008 1 1
3412 8140 -16196 1 1
1024 7028 -14048 1 1
868 7720 -14240 1 1
840 8384 -13844 1 1
1052 8520 -13456 1 1
1496 8704 -12704 1 1
1836 9860 -12708 1 1
1860 9684 -12848 1 1
1168 9940 -12420 1 1
1676 9748 -12452 1 1
1560 10228 -12636 1 1
944 10292 -12292 1 1
904 10068 -12620 1 1
696 9900 -12836 1 1
1180 11136 -11512 1 1
1004 11724 -11804 1 1
612 11236 -11468 1 1
204 11104 -11700 1 1
988 11232 -12872 1 1
636 10556 -11800 1 1
924 10376 -12136 1 1
1680 10892 -12336 1 1
900 10788 -11264 1 1
1856 10412 -12224 1 1
708 10488 -11868 1 1
1632 10980 -11308 1 1
760 11076 -11868 1 1
336 10788 -11228 1 1
396 10544 -12012 1 1
308 11460 -11724 1 1
760 10236 -11540 1 1
1628 10432 -11136 1 1
624 10292 -13416 1 1
248 9556 -12552 1 1
384 9848 -13788 1 1
328 9696 -13344 1 1
-272 8808 -13744 1 1
196 9064 -14044 1 1
224 9172 -13264 1 1
-60 9636 -13188 1 1
356 9272 -14152 1 1
812 9468 -13564 1 1
444 9508 -13296 1 1
560 9268 -13932 1 1
796 9668 -13020 1 1
288 9604 -13092 1 1
1140 9488 -13276 1 1
1308 8580 -14748 1 1
940 9180 -14424 1 1
1256 8956 -11988 1 1
856 9060 -13632 1 1
592 9224 -12876 1 1
812 8996 -13640 1 1
932 9560 -12812 1 1
448 8608 -12848 1 1
2480 8844 -13580 1 1
1448 9232 -14280 1 1
320 5916 -14544 1 1
-40 7072 -15860 1 1
304 3824 -16612 1 1
1980 3076 -15916 1 1
1076 2332 -16212 1 1
308 2664 -15340 1 1
324 7892 -13472 1 1
568 10384 -12688 1 1
356 10268 -12860 1 1
84 10172 -12688 1 1
460 9808 -12388 1 1
508 10092 -12568 1 1
552 10260 -12768 1 1
412 9944 -12852 1 1
536 9356 -13496 1 1
1876 7916 -12544 1 1
308 9504 -13116 1 1
504 7852 -12984 1 1
-1684 5296 -14180 1 1
-2936 4804 -15084 1 1
-3072 5028 -15024 1 1
-2900 4844 -14940 1 1
-3036 4840 -15000 1 1
244 7628 -14264 1 1
344 7140 -14568 1 1
1564 7280 -13692 1 1
-300 7288 -13244 1 1
576 11972 -8260 1 1
120 14116 -10216 1 1
344 7968 -15928 1 1
1128 2092 -15176 1 1
-236 -316 -15800 1 1
-8 -1972 -15856 1 1
140 -2448 -15732 1 1
36 -2560 -15800 1 1
184 -2528 -15756 1 1
232 -2728 -15660 1 1
72 -2788 -15700 1 1
172 -2992 -15708 1 1
132 -2972 -15656 1 1
152 -3092 -15572 1 1
208 412 -14540 1 1
1408 6992 -14280 1 1
1216 12404 -8836 1 1
964 14224 -9368 1 1
1192 4956 -16684 1 1
20 -804 -15544 1 1
296 -3048 -15640 1 1
176 -3044 -15432 1 1
132 -2504 -16140 1 1
20 -2564 -15832 1 1
-320 -2520 -16124 1 1
1284 -932 -15636 1 1
2428 -340 -15324 1 1
464 -1756 -16220 1 1
2036 -884 -15396 1 1
-3132 -108 -15428 1 1
-3780 -276 -15576 1 1
-3900 -264 -15696 1 1
-24 -1248 -15456 1 1
4888 -392 -15420 1 1
1464 2160 -16808 1 1
2060 10092 -10468 1 1
1264 12632 -9220 1 1
800 13144 -9816 1 1
1600 11056 -12840 1 1
-772 1496 -15764 1 1
-3804 140 -14972 1 1
-5808 1568 -14972 1 1
-6284 1624 -15152 1 1
-2284 940 -16012 1 1
2516 1412 -15068 1 1
5324 1504 -14724 1 1
5780 1784 -14832 1 1
6092 1900 -14700 1 1
6268 2064 -14520 1 1
6428 1904 -15268 1 1
1116 1124 -15368 1 1
-4472 1108 -15804 1 1
-852 -3112 -15272 1 1
-192 -4456 -15396 1 1
-120 -4692 -15604 1 1
-744 5052 -14152 1 1
1256 12484 -8228 1 1
1292 12656 -9604 1 1
240 17048 7276 1 1
-520 6092 16572 1 1
-844 1164 16852 1 1
-1052 872 17048 1 1
-540 24 17028 1 1
-168 400 16368 1 1
4 112 17200 1 1
-2868 -848 16900 1 1
72 -80 17040 1 1
3112 -628 16900 1 1
804 4440 17096 1 1
-160 -904 17020 1 1
-844 -1708 16384 1 1
-1152 944 16932 1 1
-940 -1140 17072 1 1
-1536 -1960 17068 1 1
-1888 -2432 15992 1 1
-12 -696 16952 1 1
-912 -788 17012 1 1
-2016 -596 16624 1 1
-2216 -2256 16452 1 1
-1604 -1264 16936 1 1
-1404 2504 16920 1 1
812 1412 17120 1 1
32 904 17072 1 1
-3116 1648 17064 1 1
-1064 4588 16420 1 1
-864 -124 16932 1 1
-1280 -3292 16436 1 1
-336 -1084 16688 1 1
-2384 3276 17152 1 1
-1696 4800 16876 1 1
-180 3420 16804 1 1
-1388 3104 16804 1 1
-1308 3152 16924 1 1
-1252 2076 17072 1 1
-1892 244 17316 1 1
-1812 504 17372 1 1
740 8128 -13892 1 1
668 7196 -14012 1 1
-448 5408 -14328 1 1
-3308 1184 -16572 1 1
4300 628 -15492 1 1
-348 -1160 -16024 1 1
336 -1560 -15996 1 1
-28 -1488 -16760 1 1
768 8812 -14212 1 1
1224 14500 -13896 1 1
744 6424 -14604 1 1
-792 6944 -14164 1 1
684 8028 -14336 1 1
480 7036 -13900 1 1
600 8312 -14428 1 1
-284 7764 -14092 1 1
572 7732 -12816 1 1
540 7740 -14196 1 1
288 7964 -14008 1 1
344 7892 -15824 1 1
-1436 -1348 -15908 1 1
2636 -1804 -14940 1 1
-384 -104 -15916 1 1
-584 108 -16180 1 1
1060 2000 -15860 1 1
548 2512 -16868 1 1
-768 1268 -17908 1 1
-1816 164 -14952 1 1
3360 2524 -15776 1 1
416 708 -15520 1 1
-160 1664 -15684 1 1
-272 364 -15476 1 1
2068 1408 -14584 1 1
-392 300 -16168 1 1
1432 2924 -15820 1 1
548 5364 -16428 1 1
-52 3212 -16328 1 1
788 3692 -14740 1 1
-3384 32 -14924 1 1
828 -1324 -15176 1 1
4880 -416 -15044 1 1
-276 5664 -13132 1 1
-924 8868 -14480 1 1
-2868 2524 -15608 1 1
2728 -828 -15592 1 1
-548 3700 -14052 1 1
4444 5636 -15428 1 1
2288 4684 -16004 1 1
904 7980 -13236 1 1
920 13976 -7616 1 1
-256 16048 -1380 1 1
-12 16244 3052 1 1
-124 15048 8508 1 1
-732 12828 11596 1 1
-1200 9868 14124 1 1
-652 7772 14876 1 1
1052 5952 16296 1 1
3144 5436 14812 1 1
4092 6300 15732 1 1
3820 5436 16068 1 1
2544 4688 15852 1 1
-3392 4356 15540 1 1
-5596 5056 15028 1 1
-6368 5328 15760 1 1
-3428 3080 16820 1 1
3252 1856 17324 1 1
1496 -292 16760 1 1
0 -1056 17044 1 1
-684 180 16816 1 1
-3148 -104 16304 1 1
-4228 -332 16104 1 1
-2600 -152 17092 1 1
2796 -988 16400 1 1
4088 -556 17140 1 1
-656 1196 16584 1 1
-4404 588 16232 1 1
296 2528 16744 1 1
3104 5060 15868 1 1
-1196 9484 12976 1 1
288 15756 3868 1 1
1380 14428 9200 1 1
4096 13056 9928 1 1
4036 12448 9900 1 1
-4068 13496 8012 1 1
-5956 13256 5404 1 1
-4764 16236 -5464 1 1
712 14904 -7112 1 1
664 8700 -16280 1 1
832 6120 -15152 1 1
-876 5944 -14460 1 1
-460 5780 -15244 1 1
1160 7744 -8852 1 1
5224 14824 -1736 1 1
1028 17036 2324 1 1
-960 15176 7080 1 1
-1792 14280 8388 1 1
1648 15796 412 1 1
3392 15712 -3496 1 1
-456 14540 -9488 1 1
1608 10924 -13852 1 1
1744 232 -15932 1 1
1916 376 -15884 1 1
1776 268 -15864 1 1
1784 308 -15856 1 1
1900 340 -16004 1 1
1864 556 -15676 1 1
1796 124 -15792 1 1
1672 148 -12392 1 1
-1532 380 -16100 1 1
-1704 96 -15824 1 1
-1492 360 -15872 1 1
-1724 208 -15992 1 1
-1512 320 -15916 1 1
-1632 288 -15844 1 1
-1600 256 -15944 1 1
-1700 220 -15900 1 1
-1012 348 -15520 1 1
156 2652 -15476 1 1
56 2800 -15512 1 1
-100 2532 -15908 1 1
40 2340 -15836 1 1
136 2388 -15756 1 1
24 2300 -15848 1 1
240 2312 -15880 1 1
252 2620 -16376 1 1
548 1600 -15820 1 1
240 2292 -15920 1 1
40 2240 -15904 1 1
216 2284 -15808 1 1
236 2252 -15840 1 1
212 2228 -15952 1 1
188 1480 -15564 1 1
-292 -1412 -16104 1 1
-656 -1592 -15864 1 1
-708 -1300 -16048 1 1
140 -1688 -15828 1 1
-416 -1064 -15868 1 1
-84 -1192 -15924 1 1
-412 -1112 -15984 1 1
-560 -1000 -15892 1 1
-456 -1044 -15844 1 1
-588 -1068 -15916 1 1
-452 -1044 -15888 1 1
-1088 -932 -16032 1 1
-500 -1328 -15988 1 1
-676 -1260 -15940 1 1
-492 -1188 -15860 1 1
-840 -1072 -15892 1 1
-576 -1348 -15708 1 1
-616 -1100 -15884 1 1
-556 -1044 -15748 1 1
-220 -1420 -16092 1 1
-28 500 -16164 1 1
-940 680 -16268 1 1
36 4580 -15712 1 1
-92 2304 -15504 1 1
-56 3716 -15840 1 1
0 3400 -15752 1 1
352 4016 -15472 1 1
376 4384 -15564 1 1
468 3412 -16908 1 1
840 -1684 -12528 1 1
604 -3408 -14368 1 1
868 -3688 -15360 1 1
272 -1240 -17516 1 1
-464 -908 -16028 1 1
-952 -128 -16504 1 1
-1700 876 -16720 1 1
-800 -828 -14836 1 1
556 -500 -16056 1 1
-452 -456 -15748 1 1
-212 -1560 -15640 1 1
228 -940 -16160 1 1
1520 32 -15976 1 1
-912 668 -15644 1 1
-884 924 -10696 1 1
632 1044 -16028 1 1
1528 1260 -16036 1 1
12 940 -16048 1 1
612 1444 -15908 1 1
-460 1892 -15816 1 1
868 268 -15944 1 1
964 884 -16048 1 1
456 1596 -15408 1 1
632 -24 -14152 1 1
400 -176 -15904 1 1
2624 268 -15868 1 1
2572 340 -16076 1 1
-164 712 -16360 1 1
-1780 328 -15968 1 1
-1836 576 -15992 1 1
-1808 -1356 -14924 1 1
-272 -2388 -16288 1 1
-188 -2100 -15852 1 1
-392 -1540 -15972 1 1
-360 -1752 -15688 1 1
-240 -2104 -15828 1 1
104 1784 -16036 1 1
604 4684 -15084 1 1
372 5828 -14976 1 1
9492 500 -14304 1 2
7172 736 -14424 1 2
7264 -260 -14272 1 2
7256 216 -14056 1 2
7316 -228 -14228 1 2
7384 -2664 -14524 1 2
9008 -3196 -9932 1 2
12904 -28 -10420 1 2
12616 -136 -10052 1 2
12884 -100 -9688 1 2
13152 -16 -9360 1 2
12748 64 -9744 1 2
12924 24 -9180 1 2
13244 212 -9068 1 2
13928 1660 -9748 1 2
14784 -712 -3988 1 2
15032 -3736 -1820 1 2
15012 1840 -3408 1 2
16372 620 -4484 1 2
14724 3168 -5180 1 2
13652 -108 -8692 1 2
13724 288 -10556 1 2
10936 -132 -15784 1 2
6436 1616 -15412 1 2
4712 3844 -15032 1 2
2824 2936 -15468 1 2
3356 2592 -15748 1 2
3348 1476 -15748 1 2
2900 1620 -15564 1 2
2668 980 -13544 1 2
2480 -56 -15084 1 2
1728 1688 -18808 1 2
3472 -2636 -15656 1 2
3044 -1664 -15508 1 2
2636 -1184 -15780 1 2
2248 -1244 -15808 1 2
1772 -1236 -15788 1 2
2164 -1444 -15616 1 2
1840 -948 -15184 1 2
2252 844 -14000 1 2
3900 388 -15044 1 2
6672 880 -14348 1 2
9604 -2952 -9724 1 2
13000 -1088 -9560 1 2
12072 1036 -9608 1 2
14844 1268 -2880 1 2
16056 468 4388 1 2
15396 800 9164 1 2
13632 844 12480 1 2
10852 600 14172 1 2
8868 396 15404 1 2
6512 608 15436 1 2
6208 456 16048 1 2
4640 376 16736 1 2
3796 360 16840 1 2
3080 188 16740 1 2
3184 260 16912 1 2
3000 320 16848 1 2
2984 368 16856 1 2
2936 456 16984 1 2
2824 448 16828 1 2
3000 316 16444 1 2
6960 -508 13856 1 2
9764 -2628 11824 1 2
12308 -3436 11032 1 2
13032 1844 9588 1 2
13512 5204 8440 1 2
14036 -120 6864 1 2
15892 -1668 4604 1 2
16148 -484 -420 1 2
15608 292 -7932 1 2
12872 4212 -5548 1 2
13800 900 -7172 1 2
15456 -2800 -8032 1 2
14656 2308 -9928 1 2
10240 -4696 -13500 1 2
5688 -292 -14816 1 2
6772 -408 -14692 1 2
6524 -548 -14756 1 2
6296 -812 -15220 1 2
6396 -856 -14604 1 2
6448 -372 -14964 1 2
6404 -936 -14612 1 2
6372 -1428 -14660 1 2
6592 -972 -14616 1 2
6380 -600 -14648 1 2
6464 -916 -14628 1 2
6680 -1060 -13376 1 2
6516 -636 -14540 1 2
6460 -884 -16024 1 2
6364 -636 -14620 1 2
6368 -460 -14744 1 2
6616 -516 -14792 1 2
6412 -764 -14660 1 2
6116 -68 -14848 1 2
6828 136 -14572 1 2
6284 620 -12300 1 2
11032 -1268 -11212 1 2
10456 1400 -12624 1 2
9644 744 -12544 1 2
7736 -1652 -14100 1 2
8204 -220 -14404 1 2
7540 -460 -14028 1 2
7648 -1024 -14068 1 2
7596 -748 -14132 1 2
7140 -704 -13176 1 2
8984 64 -13104 1 2
9184 -1692 -13332 1 2
11620 -4976 -8020 1 2
12288 -992 -8508 1 2
16164 1484 -4368 1 2
16288 -3520 -6768 1 2
12468 5324 -12668 1 2
12992 -892 -6860 1 2
14024 4384 -3808 1 2
12684 1920 1120 1 2
19984 2520 -1056 1 2
18028 768 -1256 1 2
16212 -1736 -4388 1 2
14644 -3464 -6236 1 2
14256 3364 -5424 1 2
16072 1008 -5568 1 2
16180 -100 -828 1 2
16392 -1028 2148 1 2
16852 208 6652 1 2
13736 1128 12012 1 2
10108 912 15308 1 2
5464 -1096 16620 1 2
5240 -860 16688 1 2
3288 -200 17060 1 2
2624 -788 16360 1 2
4476 -308 14848 1 2
9676 -540 8484 1 2
15320 -524 3200 1 2
17708 740 292 1 2
14032 4236 -12144 1 2
10784 8840 -9508 1 2
11120 -2240 -14080 1 2
7516 728 -14464 1 2
7600 1240 -13688 1 2
7908 656 -13168 1 2
9720 2952 -11608 1 2
10724 3764 -12032 1 2
10272 2992 -12944 1 2
11400 -84 -9920 1 2
13680 -700 -4220 1 2
16348 -1300 -4368 1 2
12616 4372 -12848 1 2
5460 -284 -14144 1 2
6632 -20 -11848 1 2
14032 296 -4696 1 2
16880 2260 -396 1 2
16992 2780 244 1 2
15824 1064 -8416 1 2
13452 -464 -7488 1 2
16616 524 3464 1 2
14956 120 9404 1 2
12372 -612 11456 1 2
11452 -556 13184 1 2
9884 -112 14316 1 2
10924 -188 10456 1 2
14176 -2108 -3564 1 2
12884 -1568 -12112 1 2
9652 -1056 -11944 1 2
10928 3508 -11248 1 2
6724 1652 -14716 1 2
6568 -5212 -14428 1 2
10376 4668 -11876 1 2
10572 2436 -13040 1 2
11504 44 -11424 1 2
11540 -2392 -11844 1 2
10456 856 -11100 1 2
11808 -2164 -11900 1 2
12176 3372 -9364 1 2
6956 -416 -12924 1 2
6956 -2288 -10900 1 2
10540 1788 -10808 1 2
12488 2232 -11100 1 2
11808 -1784 -11300 1 2
12712 3040 -8616 1 2
10752 -576 -11740 1 2
11004 1036 -12420 1 2
10692 -1912 -12948 1 2
9204 -1708 -12316 1 2
9348 -2836 -14352 1 2
8348 -620 -12868 1 2
10340 892 -12672 1 2
10472 -584 -13828 1 2
12300 -1484 -14144 1 2
9468 3776 -9980 1 2
10064 -772 -11724 1 2
10180 580 -11836 1 2
10532 3580 -11276 1 2
10748 1396 -10708 1 2
12396 924 -7468 1 2
11420 1704 -13288 1 2
7124 5032 -12240 1 2
7280 2760 -12892 1 2
9840 -1408 -10076 1 2
9684 1952 -12288 1 2
5760 -2112 -14664 1 2
6392 -672 -14572 1 2
6492 -1192 -14356 1 2
7192 -28 -14664 1 2
7004 -1940 -14648 1 2
6528 -24 -13904 1 2
3364 4 -14684 1 2
6856 -24 -14120 1 2
6628 -756 -9660 1 2
11040 360 -13040 1 2
11408 -1008 -13668 1 2
8480 -880 -13408 1 2
6624 -844 -15912 1 2
6776 -992 -14652 1 2
6716 -960 -14468 1 2
6620 928 -14248 1 2
9540 -104 -14188 1 2
11752 76 -10324 1 2
12176 552 -8932 1 2
12832 100 -8824 1 2
14012 -1164 -6208 1 2
18628 -36 -3128 1 2
14416 1296 -6928 1 2
13652 712 -9596 1 2
14628 388 -7528 1 2
11948 -2396 -12124 1 2
10716 -356 -13328 1 2
8020 864 -14708 1 2
9688 -732 -11788 1 2
9212 232 -13448 1 2
8576 308 -13248 1 2
9000 320 -13132 1 2
8884 188 -13300 1 2
8860 184 -13744 1 2
8440 228 -13504 1 2
9004 -588 -5144 1 2
17252 -828 -6528 1 2
14200 1308 -9064 1 2
13120 3776 -7048 1 2
13492 7308 -9836 1 2
13324 -4436 -6412 1 2
15012 -2040 -6604 1 2
13880 -2216 -11504 1 2
11996 496 -6956 1 2
16044 1104 1520 1 2
15800 688 5860 1 2
14704 496 9376 1 2
13368 336 10772 1 2
12628 480 11964 1 2
11112 228 13968 1 2
9572 56 14276 1 2
8680 364 15436 1 2
7744 -912 15900 1 2
5888 -580 16412 1 2
4440 376 16692 1 2
3356 920 16672 1 2
3180 168 16876 1 2
2720 3044 16372 1 2
2784 1868 17080 1 2
5044 -3048 14940 1 2
7896 -136 14496 1 2
8324 4124 13272 1 2
12796 688 6272 1 2
15700 -3460 -1076 1 2
16352 -2276 -3528 1 2
15840 -2240 -9240 1 2
15960 -1496 -4480 1 2
14608 -2648 -4248 1 2
15076 772 -4136 1 2
15936 -256 -2404 1 2
15428 -240 -7772 1 2
15088 1960 -5840 1 2
13332 -2584 -7204 1 2
17088 -504 2332 1 2
16304 -3988 -11268 1 2
10348 2312 -11660 1 2
11852 108 -12248 1 2
13956 -2948 -7628 1 2
13804 2220 -9572 1 2
11744 5132 -9536 1 2
13264 -532 -10660 1 2
12140 -3516 -9060 1 2
15156 -2612 -4980 1 2
15008 -1864 -12340 1 2
8916 -1288 -10980 1 2
9248 -740 -14792 1 2
6084 -536 -14680 1 2
6284 -260 -14316 1 2
6132 -692 -14940 1 2
6084 -980 -14836 1 2
6144 -704 -14752 1 2
6156 -464 -15048 1 2
6016 -552 -14676 1 2
6296 -636 -14736 1 2
6204 -408 -12756 1 2
6280 -448 -14728 1 2
6568 -296 -16808 1 2
6184 -468 -14704 1 2
6196 680 -15000 1 2
6276 -672 -17548 1 2
7172 -152 -14404 1 2
7204 -704 -14412 1 2
7268 -2392 -13652 1 2
6776 856 -14476 1 2
9016 -1724 -7476 1 2
12420 -1708 -9868 1 2
12884 -1600 -10708 1 2
13024 -424 -2368 1 2
16616 212 3708 1 2
15756 2544 4800 1 2
15724 -1356 6848 1 2
14656 -2436 6956 1 2
15472 3552 6968 1 2
14120 3448 9420 1 2
12716 -3140 9832 1 2
13164 -1380 9824 1 2
13728 1692 7932 1 2
15088 -1308 7584 1 2
13728 -2812 8912 1 2
13860 272 9232 1 2
13940 644 7920 1 2
13144 -2988 13148 1 2
10564 1232 13616 1 2
8936 -1708 14844 1 2
7052 -872 15892 1 2
5724 -240 16608 1 2
3928 -388 16836 1 2
3564 -228 16832 1 2
3148 -40 16748 1 2
2868 2188 16728 1 2
2836 192 16460 1 2
3848 -3140 16240 1 2
4256 328 15420 1 2
7696 -3292 14536 1 2
7688 1024 15332 1 2
6340 420 16656 1 2
2912 -2236 16324 1 2
6832 1276 11184 1 2
14304 1464 3696 1 2
16252 -148 -6188 1 2
13548 -1576 -10584 1 2
10368 412 -13552 1 2
7540 -52 -14708 1 2
7308 -1928 -14728 1 2
5320 -1008 -15000 1 2
5044 -1160 -15452 1 2
3300 -884 -15604 1 2
2492 -96 -15832 1 2
2192 240 -15844 1 2
2128 448 -15656 1 2
4328 -712 -14648 1 2
7688 -5456 -13268 1 2
7308 4400 -13252 1 2
6184 7544 -12744 1 2
10424 -1960 -12296 1 2
9564 -6384 -9496 1 2
8412 -8488 -11568 1 2
8656 -9260 -9164 1 2
8808 -10072 -9884 1 2
8712 -9212 -10164 1 2
10436 -5604 -9124 1 2
11772 -5932 -9292 1 2
10236 -8540 -9616 1 2
9548 -10296 -6916 1 2
9964 -11096 -6120 1 2
9096 -8444 -8656 1 2
10192 -6128 -9976 1 2
11176 -6888 -11456 1 2
11012 -6312 -11224 1 2
10868 -3260 -12268 1 2
9820 3236 -10852 1 2
10620 7884 -10228 1 2
10016 10240 -8196 1 2
10528 10420 -6432 1 2
10904 9584 -12492 1 2
9812 4440 -13460 1 2
5648 9916 -10756 1 2
8912 9700 -8752 1 2
9156 9564 -9160 1 2
9388 7624 -12300 1 2
8104 6604 -13384 1 2
6528 7968 -10100 1 2
11628 6076 -8492 1 2
10188 10984 -7824 1 2
9004 10476 -7608 1 2
10612 8640 -9868 1 2
10788 5256 -10644 1 2
13444 3820 -6800 1 2
14832 4180 -7400 1 2
13572 5420 -5732 1 2
15392 2592 -6300 1 2
13712 4888 -8500 1 2
13848 -2472 -14812 1 2
6692 -324 -14828 1 2
6732 1180 -13860 1 2
6476 512 -14924 1 2
6652 1136 -13688 1 2
4580 -1400 -13168 1 2
6824 2160 -14480 1 2
6936 272 -13328 1 2
13572 -232 -10040 1 2
12048 -3824 -8480 1 2
13712 192 -11408 1 2
13192 -2596 -11248 1 2
12824 -284 -9352 1 2
12264 -280 -12312 1 2
10140 -2704 -8752 1 2
11872 -6164 -6076 1 2
14632 -6016 -7932 1 2
14212 -6320 -7772 1 2
11700 -6928 -14840 1 2
8116 -6468 -8388 1 2
12304 -5764 -7740 1 2
11332 -5120 -4428 1 2
13544 -7744 -1528 1 2
14560 -8360 -948 1 2
13356 -10072 -1200 1 2
13540 -10476 -3032 1 2
12704 -10172 -2024 1 2
12544 -10488 -2660 1 2
12348 -6140 -6736 1 2
15040 -3508 -5368 1 2
14588 -1924 -6764 1 2
14620 4428 -8256 1 2
13736 6536 -5928 1 2
12988 9320 -3736 1 2
12596 9708 -3428 1 2
12896 5684 -6396 1 2
11688 108 -15836 1 2
4420 -56 -14712 1 2
2120 -1936 -14928 1 2
3016 -1264 -15848 1 2
2268 -616 -15364 1 2
2564 -1208 -15924 1 2
3308 -984 -15556 1 2
2876 -968 -15584 1 2
3692 -784 -15600 1 2
4528 -892 -14808 1 2
5720 -12 -13468 1 2
10756 -72 -7880 1 2
14460 392 -4200 1 2
15424 324 -7808 1 2
15500 756 -2272 1 2
15968 1296 20 1 2
15928 -24 10396 1 2
10944 -756 14848 1 2
7360 -320 16224 1 2
4852 1640 16632 1 2
4884 2576 16476 1 2
3688 2472 16608 1 2
2612 1680 17100 1 2
2260 252 16880 1 2
2480 196 16984 1 2
2536 -304 15648 1 2
7580 -184 10924 1 2
13772 -372 8132 1 2
14780 3356 4864 1 2
16356 -1680 2052 1 2
15900 -1164 220 1 2
16236 -1560 8008 1 2
10892 -3080 13308 1 2
10028 -40 13552 1 2
10376 -1052 13216 1 2
11928 -2296 3148 1 2
15692 -1968 -18548 1 2
8480 984 -13884 1 2
8712 296 -13456 1 2
8920 -520 -13256 1 2
7248 -972 -14144 1 2
7732 -184 -14056 1 2
7488 -756 -14108 1 2
8076 -12 -13940 1 2
8000 324 -13580 1 2
8412 -52 -13176 1 2
8828 -444 -13420 1 2
9084 -316 -13252 1 2
9048 -156 -13748 1 2
9028 124 -13444 1 2
9116 56 -13608 1 2
8764 -36 -13164 1 2
8920 -80 -14392 1 2
7188 -24 -13932 1 2
7404 104 -13088 1 2
9864 956 -11564 1 2
11660 1640 -12340 1 2
11752 -136 -11260 1 2
11448 96 -10704 1 2
11404 -1436 -12084 1 2
10608 1300 -9800 1 2
13432 96 -8884 1 2
10716 -148 -13824 1 2
9660 692 -13136 1 2
9376 144 -13336 1 2
9492 136 -13136 1 2
9312 104 -13112 1 2
9412 36 -13152 1 2
9460 80 -13144 1 2
9200 56 -13100 1 2
9264 104 -13076 1 2
9452 100 -13304 1 2
756 -13000 -10400 1 4
1076 -11176 -11936 1 4
2512 -12128 -12568 1 4
-628 -12828 -8860 1 4
1096 -12788 -11196 1 4
1956 -11064 -10464 1 4
-804 -12632 -8116 1 4
-144 -12072 -5668 1 4
-2068 -12632 -5836 1 4
-3012 -12100 -8368 1 4
496 -12796 -10924 1 4
-1436 -12380 -7116 1 4
-1796 -11420 -11296 1 4
-1040 -14192 -8020 1 4
1684 -13484 -6620 1 4
-1880 -12536 -8928 1 4
984 -11672 -5580 1 4
-416 -13228 -7196 1 4
1352 -14852 -5656 1 4
572 -15512 -4440 1 4
1396 -14112 -5364 1 4
1428 -15356 -4204 1 4
792 -16428 -3396 1 4
184 -14352 -4652 1 4
-124 -15948 -5680 1 4
-344 -15412 -5708 1 4
1220 -15516 -3672 1 4
640 -15628 -2532 1 4
-500 -16820 -2912 1 4
120 -15372 -3364 1 4
272 -15728 -3916 1 4
-316 -15152 -2572 1 4
-888 -15780 -3080 1 4
-240 -16396 -3640 1 4
1092 -15908 -1148 1 4
-1404 -14804 -7868 1 4
36 -16576 -5468 1 4
1108 -16092 -3152 1 4
-1184 -15696 -2828 1 4
1876 -15092 -7524 1 4
-2720 -11832 -11088 1 4
-1328 -9976 -16048 1 4
1016 -10344 -11496 1 4
-3788 -11876 -11996 1 4
-844 -9188 -13964 1 4
2492 -3892 -15236 1 4
464 -3600 -15464 1 4
-104 -3508 -15424 1 4
248 -3484 -15456 1 4
988 -3536 -15384 1 4
20 -3368 -15700 1 4
248 -3436 -15532 1 4
204 -3456 -15604 1 4
260 -3624 -15644 1 4
376 -3492 -15232 1 4
96 -3788 -15556 1 4
-536 -4656 -15056 1 4
296 -5372 -14316 1 4
-180 -10796 -10692 1 4
1048 -11140 -9464 1 4
-532 -15756 -1716 1 4
752 -15416 6580 1 4
-148 -13740 10428 1 4
368 -10104 14000 1 4
196 -8076 14484 1 4
-204 -6176 15904 1 4
236 -5536 16696 1 4
-64 -3880 17176 1 4
-224 -3336 17176 1 4
-260 -2708 17268 1 4
-264 -2272 17160 1 4
-260 -3064 16672 1 4
-276 -3288 17008 1 4
-372 -7544 13572 1 4
-2500 -12840 5884 1 4
-4428 -15212 3512 1 4
-2108 -15876 3524 1 4
1536 -16188 5904 1 4
-540 -15928 5416 1 4
-396 -16796 -3528 1 4
-596 -12368 -14032 1 4
-448 -6748 -14564 1 4
1948 -5404 -14100 1 4
-1716 -8020 -12200 1 4
-2268 -10632 -10924 1 4
1988 -9612 -11168 1 4
-3784 -10512 -11264 1 4
-6148 -8864 -11876 1 4
108 -7952 -13612 1 4
-784 -7924 -13136 1 4
1308 -7748 -12804 1 4
-1276 -12196 -9472 1 4
-192 -12056 -10200 1 4
-1900 -13556 -9012 1 4
1932 -13164 -8992 1 4
1284 -12452 -9716 1 4
-392 -12760 -8912 1 4
868 -14036 -6404 1 4
452 -13528 -7668 1 4
-592 -14564 -4764 1 4
-592 -6348 -14304 1 4
-972 -6892 -14356 1 4
-528 -7312 -13412 1 4
-96 -10972 -10532 1 4
-176 -11220 -12736 1 4
-676 -10604 -12244 1 4
-1220 -11788 -12180 1 4
1620 -10728 -10024 1 4
-1184 -10436 -12424 1 4
-1132 -10108 -12024 1 4
1788 -10176 -11424 1 4
2172 -10596 -10616 1 4
1584 -10928 -12388 1 4
1540 -6872 -8308 1 4
2928 -15028 -13784 1 4
644 -12864 -10224 1 4
-360 -13264 -8936 1 4
-532 -12008 -12820 1 4
816 -1464 -14528 1 4
-664 -3472 -15748 1 4
1240 -4332 -15500 1 4
892 -4788 -15060 1 4
964 -2160 -16584 1 4
-3528 -9788 -8492 1 4
-1228 -12408 -8172 1 4
-1052 -13148 -8512 1 4
-772 -14100 -8528 1 4
-268 -13972 -7300 1 4
-212 -14172 -7512 1 4
132 -13656 -4760 1 4
-1912 -13912 -10212 1 4
3968 -12700 -7452 1 4
6880 -16436 -7992 1 4
-3776 -11400 -13160 1 4
1004 -7812 -13976 1 4
184 -7364 -14152 1 4
-1780 -6408 -14876 1 4
-1348 -6172 -13540 1 4
1208 -6412 -11612 1 4
1716 -6720 -14324 1 4
-2356 -7236 -14964 1 4
3804 -6804 -14116 1 4
-520 -7340 -12752 1 4
-2272 -7016 -14224 1 4
-52 -12052 -7644 1 4
-136 -15224 -4432 1 4
-572 -15792 -2756 1 4
1420 -15492 3644 1 4
624 -13384 9548 1 4
-156 -7528 16316 1 4
292 -6260 15176 1 4
436 -4600 15908 1 4
520 -7968 12540 1 4
1136 -13480 5352 1 4
728 -15276 -7188 1 4
336 -10528 -13128 1 4
-408 -11328 -12064 1 4
-396 -12860 -9112 1 4
28 -13148 -8204 1 4
1672 -11692 -17884 1 4
980 -4700 -15232 1 4
-512 -3040 -15632 1 4
-8 -2568 -16000 1 4
68 -1648 -16028 1 4
564 -2152 -15772 1 4
528 -2792 -15800 1 4
188 -2620 -15492 1 4
-484 -1864 -15376 1 4
-780 -2188 -15572 1 4
1152 -4400 -15476 1 4
-2468 -4528 -15948 1 4
1908 -4140 -15044 1 4
-380 -1324 -15944 1 4
148 -6736 -15848 1 4
-4520 -6252 -13796 1 4
-108 -7992 -10332 1 4
196 -13084 -7920 1 4
-300 -14136 -7256 1 4
-876 -14044 -9060 1 4
2240 -10664 -13748 1 4
-752 60 -15264 1 4
-1268 -5132 -12464 1 4
-1904 -13932 -2204 1 4
348 -14832 8276 1 4
1076 -11544 12136 1 4
828 -9852 13884 1 4
272 -6880 15424 1 4
644 -5988 15932 1 4
872 -5592 16348 1 4
928 -5436 16308 1 4
724 -4732 16576 1 4
736 -4540 16616 1 4
600 -4896 16608 1 4
552 -5124 16256 1 4
340 -5816 15640 1 4
1056 -8504 14256 1 4
-5096 -13716 3064 1 4
-4960 -14824 3840 1 4
3068 -14108 7700 1 4
5132 -14288 7940 1 4
-360 -5800 -13884 1 4
188 -7944 -13164 1 4
416 -7564 -14512 1 4
2496 -2804 -11360 1 4
-2332 -9332 -11684 1 4
-5096 -7116 -11236 1 4
136 -4380 -14012 1 4
-1312 -9248 -15436 1 4
1900 -5692 -14716 1 4
-356 -5372 -14432 1 4
-44 -6568 -14604 1 4
-240 -6424 -14644 1 4
-768 -4912 -14932 1 4
-252 -3616 -15424 1 4
516 -6468 -13312 1 4
1084 -9764 -13936 1 4
-2704 -11416 -11272 1 4
-872 -10056 -8304 1 4
-48 -6808 -14380 1 4
-2116 -6816 -14040 1 4
224 -6716 -14084 1 4
-152 -6584 -14176 1 4
-416 -6872 -14636 1 4
-120 -6516 -14572 1 4
-168 -6576 -14264 1 4
-196 -6712 -14624 1 4
-80 -6756 -14668 1 4
-804 -15520 -4824 1 4
4696 -13836 -2236 1 4
3164 -10392 -12304 1 4
-1692 -13812 -5860 1 4
1116 -16728 -2728 1 4
-12 -11964 -9284 1 4
884 -16552 -5712 1 4
-1476 -14896 -8244 1 4
7020 -14804 -4252 1 4
-420 -16568 4244 1 4
488 -15208 7968 1 4
340 -13528 10800 1 4
804 -11312 12076 1 4
620 -10228 13844 1 4
108 -12932 8580 1 4
328 -15912 732 1 4
808 -16152 -1384 1 4
-400 -15712 -3800 1 4
448 -16008 -4432 1 4
3068 -16020 1616 1 4
-800 -12700 11956 1 4
-332 -11988 12064 1 4
-176 -11044 13400 1 4
-228 -9988 10616 1 4
-64 -15120 -5252 1 4
1672 -8436 -14976 1 4
-968 -7324 -14580 1 4
292 -8144 -13048 1 4
504 -8980 -13736 1 4
-216 -8296 -13192 1 4
-284 -9332 -12648 1 4
936 -11860 -5844 1 4
116 -14404 -3368 1 4
744 -12056 -2364 1 4
-2204 -12196 -12152 1 4
7912 -11640 -7544 1 4
5692 -13076 -7528 1 4
-1548 -11332 -10980 1 4
-1144 -8900 -13220 1 4
1908 -6916 -13772 1 4
-1316 -10552 -11836 1 4
-492 -9704 -12068 1 4
-748 -15136 -11728 1 4
1224 -4228 -12608 1 4
2636 -11012 -16216 1 4
-2120 -12204 -9132 1 4
2124 -11720 -10724 1 4
1456 -13664 -8208 1 4
1304 -12216 -9636 1 4
1408 -12572 -10156 1 4
-812 -12804 -10964 1 4
308 -12492 -9092 1 4
2320 -11576 -10560 1 4
2372 -14836 -10988 1 4
192 -12212 -10260 1 4
1072 -12744 -8584 1 4
-2368 -14736 -8060 1 4
-1020 -13628 -7124 1 4
1992 -13628 -5752 1 4
1148 -10736 -10972 1 4
1596 -14076 -12480 1 4
88 -12068 -10988 1 4
452 -11660 -11088 1 4
268 -11976 -10744 1 4
444 -11396 -10744 1 4
772 -11700 -10968 1 4
960 -11508 -11064 1 4
1224 -11620 -11192 1 4
1032 -11480 -11188 1 4
1416 -11356 -10932 1 4
1228 -11540 -10724 1 4
984 -11196 -11348 1 4
1852 -11676 -10092 1 4
-968 -6712 -13904 1 4
1040 -7340 -15504 1 4
-232 -10960 -11668 1 4
-2372 -7264 -13968 1 4
1684 -6740 -12776 1 4
-1180 -9352 -15820 1 4
680 -9504 -14108 1 4
1772 -10432 -12884 1 4
1264 -6364 -14160 1 4
-12 -7204 -14160 1 4
-1136 -9648 -14200 1 4
-1292 -13188 -8992 1 4
-488 -12384 -10224 1 4
-1344 -11248 -13572 1 4
-900 -11144 -10020 1 4
-904 -11924 -10472 1 4
-728 -13852 -7508 1 4
1176 -12848 -10044 1 4
1232 -11840 -11092 1 4
2316 -11880 -10272 1 4
-2020 -12960 -7920 1 4
-5204 -12296 -9224 1 4
-1656 -9416 -15436 1 4
-220 -5960 -15280 1 4
2412 -3624 -15704 1 4
212 -1848 -16176 1 4
348 -3296 -15764 1 4
1932 -3096 -15728 1 4
700 -2088 -15560 1 4
1084 -2608 -15536 1 4
812 -3784 -15844 1 4
232 -5448 -15112 1 4
656 -5524 -14784 1 4
3664 -5888 -14176 1 4
1224 -6964 -13424 1 4
-1772 -8628 -11632 1 4
36 -8036 -15496 1 4
1688 -8708 -12776 1 4
-1224 -12920 -7704 1 4
-788 -14116 -6552 1 4
-936 -15652 -1656 1 4
52 -15212 6240 1 4
-328 -14452 8692 1 4
-460 -12784 11880 1 4
-336 -10740 14020 1 4
-716 -8800 15300 1 4
-116 -6784 15300 1 4
260 -6292 15664 1 4
584 -6324 15840 1 4
684 -5996 16084 1 4
376 -5740 15948 1 4
356 -5168 16212 1 4
360 -5056 16252 1 4
472 -4868 16528 1 4
424 -4268 16456 1 4
424 -3592 16424 1 4
508 -3672 16644 1 4
556 -4728 14964 1 4
-20 -10412 12184 1 4
260 -11600 9480 1 4
-1484 -15072 6020 1 4
-1060 -16664 -312 1 4
352 -16452 -2420 1 4
380 -15256 -7424 1 4
680 -15856 -5848 1 4
2660 -14656 -5400 1 4
2100 -14576 -3400 1 4
1132 -14436 -4100 1 4
2152 -14740 -7004 1 4
1396 -13368 -8792 1 4
12 -12904 -9188 1 4
2004 -13484 -6576 1 4
-320 -13800 -8692 1 4
-784 -13152 -8924 1 4
-2916 -15100 -4964 1 4
-2744 -15060 -8852 1 4
-1768 -8024 -8968 1 4
268 -7984 -13392 1 4
1896 -2020 -16172 1 4
-428 -11020 -8528 1 4
-884 -16328 -1188 1 4
1372 -7956 -9540 1 4
-2296 -7976 -13000 1 4
-1568 -7696 -10508 1 4
512 -5536 -15628 1 4
-180 -5480 -14076 1 4
40 -9740 -14924 1 4
-2700 -12188 -6784 1 4
-596 -13392 -11160 1 4
620 -8488 -13340 1 4
3216 -8252 -12264 1 4
-2344 -11000 -11628 1 4
-1860 -6164 -14956 1 4
-952 -6884 -14600 1 4
188 -6636 -15108 1 4
-1780 -6900 -13616 1 4
-200 -6532 -15620 1 4
-232 -5788 -14428 1 4
-1196 -6636 -14228 1 4
-552 -11980 -4632 1 4
-124 -6888 -14908 1 4
-276 -5324 -14760 1 4
-520 -5936 -14944 1 4
-216 -5732 -14808 1 4
-232 -5660 -14832 1 4
-164 -5592 -15004 1 4
-124 -5648 -14880 1 4
-176 -5632 -14864 1 4
-60 -5640 -14944 1 4
-80 -5676 -14900 1 4
-156 -5472 -14876 1 4
-112 -5676 -14924 1 4
-104 -5632 -14712 1 4
-260 -5648 -19220 1 4
228 -6876 -12436 1 4
-1756 -9744 -9828 1 4
324 -11500 -9612 1 4
-580 -11884 -11864 1 4
-364 -11264 -11980 1 4
-848 -10860 -10956 1 4
-20 -10596 -11972 1 4
-764 -11120 -11520 1 4
-1392 -11044 -10244 1 4
-252 -11208 -10656 1 4
-584 -10268 -11536 1 4
76 -8552 -13628 1 4
-136 -13112 -8652 1 4
-84 -13756 -4604 1 4
-444 -15832 -456 1 4
-380 -16304 1308 1 4
-192 -16284 2772 1 4
-304 -16068 4448 1 4
-228 -15416 6988 1 4
-192 -14296 8720 1 4
-304 -13332 11676 1 4
-212 -11320 13384 1 4
-152 -9904 14876 1 4
-108 -8304 15040 1 4
-884 -9096 14776 1 4
-784 -8868 14468 1 4
-448 -9536 14188 1 4
-912 -10324 14960 1 4
-376 -6684 15744 1 4
404 -4632 16444 1 4
832 -3644 16408 1 4
364 -2604 16712 1 4
424 -3760 16972 1 4
776 -3300 16444 1 4
-216 -2772 17120 1 4
-104 -4464 15944 1 4
-1236 -7004 15492 1 4
76 -8976 14640 1 4
1548 -9132 12036 1 4
-1988 -10856 14148 1 4
3452 -11300 11432 1 4
552 -10968 12620 1 4
-1584 -14496 7104 1 4
-212 -14528 6024 1 4
676 -15396 4664 1 4
-2320 -16328 1172 1 4
-136 -16060 -2572 1 4
-940 -15468 -3240 1 4
680 -14752 -6632 1 4
748 -13612 -6776 1 4
-2840 -12152 -10352 1 4
1416 -11768 -10768 1 4
-1472 -9124 -13588 1 4
1280 -7984 -15580 1 4
1484 -880 -16536 1 4
1020 2536 -15276 1 4
-248 -416 -15036 1 4
-96 -3568 -15500 1 4
556 -4076 -15052 1 4
536 -5296 -15040 1 4
236 -4892 -14412 1 4
-2752 -4068 -13220 1 4
-2320 -3436 -15948 1 4
1036 -4940 -16040 1 4
-412 -5088 -15492 1 4
-2012 -7960 -13172 1 4
-1988 -10136 -11256 1 4
-1492 -11704 -12500 1 4
308 -9796 -13052 1 4
-1952 -6160 -15364 1 4
-1668 -5432 -14492 1 4
-584 -5576 -15016 1 4
-668 -5520 -14828 1 4
-696 -4668 -14956 1 4
-720 -5192 -14900 1 4
-728 -5348 -14992 1 4
-544 -5228 -14672 1 4
-700 -5312 -14756 1 4
-1056 -5056 -15088 1 4
-1152 -5080 -14796 1 4
-1192 -5016 -15104 1 4
-1184 -5040 -15112 1 4
-1264 -5120 -14488 1 4
-1064 -5116 -15020 1 4
-1036 -5124 -13272 1 4
-1360 -5076 -14612 1 4
-13404 -272 -8844 1 8
-12788 536 -8044 1 8
-13680 620 -8812 1 8
-13184 1680 -8560 1 8
-13392 2168 -8212 1 8
-13544 2000 -7640 1 8
-13504 224 -13888 1 8
-11648 544 -19736 1 8
-5364 -612 -14212 1 8
-5444 64 -14052 1 8
-7392 220 -13984 1 8
-5740 1552 -14724 1 8
-5304 1416 -14800 1 8
-5516 1516 -13932 1 8
-5348 -472 -15348 1 8
-5592 1744 -19040 1 8
-7008 920 -11520 1 8
-12168 -1096 -6100 1 8
-10320 -2108 -13496 1 8
-6396 5096 -9204 1 8
-12324 -736 -9532 1 8
-13040 520 -14664 1 8
-7004 -148 -11360 1 8
-12472 -636 -17268 1 8
2408 2700 -15552 1 8
-6484 -1156 -12264 1 8
-12572 3976 -5672 1 8
-14428 1972 -2552 1 8
-15608 1336 -6364 1 8
-14520 804 12852 1 8
-12268 -1868 12868 1 8
-11300 -440 12196 1 8
-10884 -488 13476 1 8
-9248 1068 13048 1 8
-10412 -252 15440 1 8
-5432 760 15204 1 8
-7344 -4 15660 1 8
-5596 428 16952 1 8
-3880 440 17104 1 8
-3588 -248 15404 1 8
-10624 -920 10812 1 8
-12420 -2668 6688 1 8
-15556 -3888 2564 1 8
-14780 4692 3932 1 8
-15696 3508 -4652 1 8
-15232 2880 -1604 1 8
-14488 516 -1756 1 8
-16200 1376 -1960 1 8
-12176 980 -14476 1 8
-6668 -2788 -13736 1 8
-7336 -2776 -10864 1 8
-14236 1316 -13480 1 8
-8352 896 -12032 1 8
-10812 2876 -10892 1 8
-11280 1780 -6784 1 8
-13136 -4464 -13088 1 8
-8808 724 -13392 1 8
-9636 2440 -12116 1 8
-6368 4020 -15304 1 8
-4992 2492 -14924 1 8
-4832 2692 -14808 1 8
-4968 5480 -15524 1 8
-5704 -3660 -15740 1 8
-5276 3464 -14624 1 8
-6004 -3248 -13252 1 8
-6220 2384 -14304 1 8
-6652 -812 -11956 1 8
-4808 172 -13400 1 8
-5492 -2664 -15444 1 8
-5612 -3332 -16272 1 8
-5792 -4188 -16072 1 8
-5560 -2780 -14520 1 8
-5464 -876 -13068 1 8
-5552 444 -14884 1 8
-5220 504 -15108 1 8
-5316 820 -15372 1 8
-5252 576 -15040 1 8
-5320 388 -15836 1 8
-5264 432 -14512 1 8
-5176 440 -15088 1 8
-5292 580 -14836 1 8
-5420 -860 -9728 1 8
-13096 664 -5620 1 8
-14888 996 -5856 1 8
-15180 4360 -3896 1 8
-15100 2072 -7856 1 8
-15852 3480 -6128 1 8
-14024 -1720 -3700 1 8
-16220 856 -3796 1 8
-14936 1980 -6552 1 8
-13476 5336 -3412 1 8
-15232 1608 -7264 1 8
-16140 -84 -4928 1 8
-14936 1884 -2888 1 8
-15460 1796 -2864 1 8
-16196 2084 -2304 1 8
-16196 -396 -6008 1 8
-15224 2796 -3560 1 8
-15628 1884 -320 1 8
-16360 -248 -1816 1 8
-6432 1000 -14516 1 8
-6444 1100 -14476 1 8
-6444 1092 -14384 1 8
-6564 1004 -14552 1 8
-6436 860 -14532 1 8
-6416 1224 -14692 1 8
-6496 920 -14612 1 8
-6296 748 -14440 1 8
-6304 -1384 -16576 1 8
-9084 4292 -14888 1 8
-10888 -2084 -10204 1 8
-10068 -4468 -13212 1 8
-5960 -2536 -9540 1 8
-12980 688 -9016 1 8
-13268 -932 -15148 1 8
-5304 5664 -9780 1 8
-10156 3024 -18132 1 8
-8092 2592 -10476 1 8
-6796 -1792 -14892 1 8
-6312 1304 -14376 1 8
-6936 2772 -14372 1 8
-6840 1688 -14144 1 8
-6608 2560 -14536 1 8
-6192 2264 -14732 1 8
-5764 2240 -14532 1 8
-6312 2360 -14500 1 8
-6300 2336 -14472 1 8
-6572 1896 -13764 1 8
-5960 2608 -14288 1 8
-6620 2956 -15124 1 8
-7708 2460 -8580 1 8
-8684 1304 -14120 1 8
-8424 -796 -13780 1 8
-8516 -372 -12740 1 8
-10000 -348 -12712 1 8
-9236 508 -12792 1 8
-10112 0 -12912 1 8
-9952 -636 -12324 1 8
-11476 -128 -9840 1 8
-13188 240 -8204 1 8
-14928 700 -7484 1 8
-15516 2324 -1928 1 8
-16056 -476 3704 1 8
-16304 180 -432 1 8
-16496 -1460 -8184 1 8
-13856 -1904 -7692 1 8
-14056 -1852 -7768 1 8
-13956 -1776 -6812 1 8
-13448 2792 -6180 1 8
-15328 1208 -3736 1 8
-15532 2036 -3268 1 8
-16108 -32 -2536 1 8
-17000 -3180 -9288 1 8
-14948 4072 -7776 1 8
-15684 2040 -8232 1 8
-13044 1592 -13644 1 8
-9128 880 -12540 1 8
-8928 4052 -13456 1 8
-13652 1768 -672 1 8
-16136 -1672 6548 1 8
-13256 64 11376 1 8
-10056 -680 15264 1 8
-7396 -748 15496 1 8
-6456 -916 16376 1 8
-5312 -412 16668 1 8
-5012 -464 14680 1 8
-7652 -1540 14696 1 8
-9688 -1032 12668 1 8
-13080 16 5256 1 8
-15920 1260 -1492 1 8
-16372 3500 -2320 1 8
-15516 2648 -4724 1 8
-15780 616 -1812 1 8
-16432 828 -7760 1 8
-12392 3584 -13656 1 8
-7468 696 -14544 1 8
-5436 628 -16116 1 8
-12160 2548 200 1 8
-14272 376 8860 1 8
-15584 -188 4200 1 8
-14268 2484 5088 1 8
-15816 3852 5240 1 8
-16048 -1524 5996 1 8
-16068 440 7432 1 8
-15144 -1776 -1816 1 8
-17176 -3164 -3320 1 8
-16352 -1568 -3380 1 8
-14856 888 -3096 1 8
-14908 1016 -6760 1 8
-14964 1424 -5572 1 8
-14428 -560 -7496 1 8
-11916 1388 -6768 1 8
-15248 1788 -6640 1 8
-15036 2456 -6816 1 8
-15216 1076 -4300 1 8
-15232 280 -3928 1 8
-16268 5828 -12444 1 8
-8416 12 -14676 1 8
-4080 1840 -14860 1 8
-6244 -104 -14728 1 8
-9980 4100 -13364 1 8
-8400 972 -13776 1 8
-9468 1788 -12668 1 8
-9088 1248 -12792 1 8
-8356 892 -13400 1 8
-8760 908 -12476 1 8
-7824 1408 -12976 1 8
-10020 1376 -12568 1 8
-10092 1776 -7808 1 8
-12540 -316 -18928 1 8
-5340 -304 -15008 1 8
-6428 -608 -13980 1 8
-6816 -2012 -13436 1 8
-7876 -520 -11804 1 8
-8696 252 -12344 1 8
-9472 -1760 -11728 1 8
-7740 1680 -12992 1 8
-9244 -1484 -12804 1 8
-9248 1524 -16212 1 8
-8420 2224 -12984 1 8
-17220 264 -14360 1 8
-5460 -816 -12280 1 8
-5608 912 -16280 1 8
-5276 940 -15128 1 8
-5412 1100 -14940 1 8
-5236 848 -14756 1 8
-5236 776 -15364 1 8
-5340 808 -15204 1 8
-5288 760 -14772 1 8
-5204 808 -16212 1 8
-5180 764 -15012 1 8
-5252 792 -14936 1 8
-5308 1100 -14936 1 8
-4784 -3756 -20312 1 8
-7820 5120 -13648 1 8
-9136 2300 -12100 1 8
-9244 2276 -13068 1 8
-9868 -144 -10076 1 8
-11664 -80 -10140 1 8
-12968 80 -10500 1 8
-12948 1500 -9392 1 8
-12740 892 -9524 1 8
-12704 676 -10056 1 8
-12852 1048 -9336 1 8
-12936 776 -9292 1 8
-13044 1252 -9300 1 8
-12984 1260 -9044 1 8
-13016 1260 -9360 1 8
-12748 1188 -9892 1 8
-13436 2140 -10336 1 8
-8488 -2376 -12912 1 8
-8372 1236 -13296 1 8
-8776 1180 -12876 1 8
-9060 1816 -12952 1 8
-8880 1608 -11920 1 8
-10112 1484 -12144 1 8
-9956 1456 -12740 1 8
-9764 1292 -12728 1 8
-8824 4680 -9796 1 8
-12204 2028 -8456 1 8
-13516 -728 -5364 1 8
-12496 164 -9296 1 8
-7676 1524 -13612 1 8
-4532 -3092 -11532 1 8
-7508 -2360 -17060 1 8
-7120 2460 -12288 1 8
-9812 7296 -9676 1 8
-15208 -1140 4716 1 8
-14028 -372 14128 1 8
-7140 364 15952 1 8
-5868 -556 6552 1 8
-14752 240 1252 1 8
-16396 -188 1424 1 8
-16316 -608 464 1 8
-15480 640 -7060 1 8
-12748 -708 -8832 1 8
-13720 2336 -5292 1 8
-14688 2576 -8172 1 8
-13440 -3800 -7896 1 8
-10176 772 -10928 1 8
-14960 416 248 1 8
-16116 844 6168 1 8
-14744 -912 10144 1 8
-11528 -248 13252 1 8
-11452 60 9408 1 8
-15496 392 6080 1 8
-15364 1868 -992 1 8
-14864 676 -8184 1 8
-11268 124 -11076 1 8
-10404 868 -12900 1 8
-7564 568 -9432 1 8
-15948 1120 7456 1 8
-16844 -1232 13736 1 8
-6260 304 16264 1 8
-7168 -520 15004 1 8
-7008 324 15908 1 8
-6424 700 16312 1 8
-4192 248 8192 1 8
-15768 1228 -5076 1 8
-15108 3196 -7192 1 8
-7192 12392 -7468 1 8
-6968 12304 -7652 1 8
-6960 12668 -7240 1 8
-7744 12224 -7660 1 8
-7880 12144 -7096 1 8
-8812 11460 -7720 1 8
-9292 11020 -7556 1 8
-9532 10652 -7592 1 8
-9596 10496 -7240 1 8
-9744 10516 -6920 1 8
-9648 9636 -10384 1 8
-8700 9124 -9868 1 8
-8784 9256 -7292 1 8
-9428 10688 -7212 1 8
-10076 10368 -7080 1 8
-10216 10264 -6904 1 8
-10568 10024 -6808 1 8
-11060 9176 -6776 1 8
-12520 6648 -6900 1 8
-13636 4440 -7348 1 8
-14640 1056 -6192 1 8
-15368 -3420 -6140 1 8
-13676 -4296 -6684 1 8
-14056 -5456 -6424 1 8
-13156 -6388 -6072 1 8
-13576 -3704 -5536 1 8
-14764 -1092 -5900 1 8
-14916 2140 -7216 1 8
-13276 7208 -8288 1 8
-11148 9544 -7084 1 8
-11236 8968 -6892 1 8
-13156 3220 -8316 1 8
-13688 -408 -8076 1 8
-13480 -2184 -8040 1 8
-13600 -3700 -7584 1 8
-13432 -2536 -7868 1 8
-14636 80 -3884 1 8
-16284 404 852 1 8
-16616 164 3224 1 8
-16056 332 5500 1 8
-16192 -584 -1904 1 8
-15780 212 -6852 1 8
-14276 716 -10108 1 8
-13480 700 -8004 1 8
-15320 944 -4240 1 8
-15728 -2560 -2892 1 8
-15508 -3788 -2992 1 8
-15584 -1980 -4440 1 8
-15120 3248 -5412 1 8
-14392 4868 -6308 1 8
-13776 7116 -5312 1 8
-12584 8716 -5512 1 8
-12244 7760 -6140 1 8
-12920 7008 -7304 1 8
-12620 7024 -6704 1 8
-12724 7392 -6608 1 8
-12912 7464 -6572 1 8
-12880 6732 -5944 1 8
-13412 6792 -6032 1 8
-14020 4520 -6896 1 8
-14336 2256 -7864 1 8
-13452 2004 -7956 1 8
-14212 2000 -6076 1 8
-14696 2636 -5872 1 8
-14984 2692 -6076 1 8
-15160 6184 -5500 1 8
-14860 3424 -4008 1 8
-15156 4020 -3200 1 8
-15568 5136 -1124 1 8
-15740 4304 716 1 8
-15648 3368 640 1 8
-15736 2376 -1084 1 8
-15996 2516 -2940 1 8
-15696 2124 -5372 1 8
-15164 1284 -4472 1 8
-15172 824 -5072 1 8
-15644 -1308 -3760 1 8
-16452 -1640 -2752 1 8
-15600 -1856 -2452 1 8
-15936 -820 -3784 1 8
-15524 3296 -5664 1 8
-13636 8344 -5464 1 8
-11352 10640 -5468 1 8
-10388 10980 -4376 1 8
-10668 10960 -5520 1 8
-11088 10544 -5516 1 8
-11132 10440 -5616 1 8
-11312 10344 -5656 1 8
-12028 7896 -4932 1 8
-14112 5108 -5568 1 8
-14784 -124 -5924 1 8
-14952 -492 -6260 1 8
-14924 -280 -6216 1 8
-14812 -36 -6680 1 8
-14788 -20 -5536 1 8
-15608 -712 -5692 1 8
-15856 -2532 -5464 1 8
-14080 -7128 -6576 1 8
-11376 -7784 -7808 1 8
-10912 -8892 -7424 1 8
-10292 1716 -12044 1 8
-10404 1956 -12048 1 8
-10396 1264 -11904 1 8
-10304 840 -12408 1 8
-10484 1096 -12228 1 8
-9832 1080 -11784 1 8
-10352 1212 -11968 1 8
-10056 1044 -12200 1 8
-10452 876 -12344 1 8
-10168 1060 -12056 1 8
-10304 668 -12024 1 8
-10356 780 -12504 1 8
-10416 736 -11364 1 8
-10620 816 -11860 1 8
-10452 368 -12032 1 8
-10876 288 -6116 1 8
-11336 -2040 -11268 1 8
-10904 2020 -8584 1 8
-11352 7068 -4988 1 8
-9424 2476 -16320 1 8
-5976 5648 -7324 1 8
-11016 8484 -13800 1 8
-11804 5360 -8552 1 8
-11632 6188 -8772 1 8
-12496 5124 -7756 1 8
-13080 4952 -7820 1 8
-13452 5252 -7984 1 8
-12192 11100 -7516 1 8
-11232 7072 -8028 1 8
-9096 -2876 -14392 1 8
-9052 2512 -3948 1 8
-14652 4676 -8752 1 8
-13616 2944 -13028 1 8
-12276 2312 -11464 1 8
-12664 -9424 -9092 1 8
-7876 -5636 -8148 1 8
-12664 -8216 -8080 1 8
-13252 -7988 -10200 1 8
-11388 -6312 -9244 1 8
-10828 -892 -11160 1 8
-13292 -5268 4 1 8
-15636 300 -7516 1 8
-9084 804 -14688 1 8
-7628 1012 -13456 1 8
-4536 768 -14460 1 8
-5432 908 -11776 1 8
-3268 2296 -16160 1 8
-3252 1136 -15316 1 8
-5616 724 -14152 1 8
-8708 -872 -9700 1 8
-14392 300 -4084 1 8
-16404 -52 -560 1 8
-16340 548 3520 1 8
-15364 2044 7376 1 8
-12440 660 10680 1 8
-10108 -168 14624 1 8
-7352 144 15408 1 8
-6740 -1340 16232 1 8
-4320 -236 16792 1 8
-3964 -212 16692 1 8
-5352 884 15508 1 8
-6176 92 12436 1 8
-8584 2528 13840 1 8
-6944 328 15720 1 8
-5892 1528 14920 1 8
-8092 2352 14420 1 8
-9020 -1020 11176 1 8
-10648 3404 13484 1 8
-8552 -3392 12596 1 8
-10056 6080 13696 1 8
-10196 4848 14292 1 8
-11040 884 11004 1 8
-10232 3148 10124 1 8
-13444 -3936 10908 1 8
-12500 1904 9600 1 8
-11988 5032 10540 1 8
-14320 1164 6464 1 8
-13956 4688 2588 1 8
-15840 -7424 -1616 1 8
-14692 7400 -3688 1 8
-14984 1964 -10568 1 8
-13704 1072 -11640 1 8
-12204 544 -11900 1 8
-7124 -1236 -15504 1 8
-3552 1800 -8160 1 8
-11916 -616 -5704 1 8
-14932 -2724 -5868 1 8
-11852 640 -13340 1 8
-8540 676 -13328 1 8
-10152 2064 -15360 1 8
-14232 3476 -9508 1 8
-11404 8168 -6056 1 8
-9256 -68 -11424 1 8
-9504 772 -11540 1 8
-9588 1192 -10768 1 8
-9276 4896 -8164 1 8
-13160 6476 -10924 1 8
-10648 -656 -12204 1 8
-9024 860 -15136 1 8
-13372 752 -1424 1 8
